[49, 444]
[51, 402]
[52, 461]
[53, 508]
[54, 486]
[55, 383]
[56, 511]
[60, 364]
[61, 560]
[63, 346]
[64, 538]
[65, 330]
[69, 324]
[70, 309]
[71, 599]
[72, 568]
[73, 307]
[74, 293]
[76, 304]
[77, 633]
[79, 619]
[80, 632]
[81, 273]
[82, 592]
[84, 359]
[85, 507]
[86, 252]
[87, 256]
[88, 618]
[90, 617]
[91, 642]
[93, 234]
[95, 692]
[96, 218]
[97, 629]
[98, 216]
[102, 211]
[103, 700]
[104, 199]
[105, 614]
[106, 591]
[107, 270]
[109, 629]
[110, 587]
[112, 178]
[113, 270]
[114, 669]
[115, 163]
[116, 205]
[117, 715]
[118, 742]
[119, 741]
[120, 146]
[121, 600]
[122, 729]
[123, 719]
[124, 172]
[125, 131]
[128, 740]
[129, 114]
[130, 547]
[131, 572]
[132, 451]
[133, 635]
[135, 109]
[136, 228]
[137, 136]
[138, 763]
[143, 100]
[144, 117]
[145, 115]
[146, 743]
[147, 420]
[148, 217]
[150, 205]
[151, 216]
[152, 84]
[154, 691]
[155, 95]
[157, 80]
[158, 366]
[159, 79]
[160, 142]
[161, 211]
[162, 770]
[163, 81]
[164, 76]
[165, 230]
[166, 90]
[167, 219]
[168, 282]
[169, 745]
[170, 514]
[171, 336]
[172, 152]
[173, 225]
[174, 61]
[175, 60]
[176, 86]
[177, 120]
[178, 60]
[179, 384]
[180, 725]
[181, 164]
[183, 288]
[184, 79]
[185, 524]
[186, 528]
[187, 163]
[188, 535]
[189, 533]
[190, 131]
[192, 467]
[193, 545]
[194, 116]
[195, 67]
[196, 43]
[197, 430]
[198, 112]
[200, 769]
[201, 112]
[205, 42]
[206, 65]
[207, 126]
[208, 170]
[209, 210]
[211, 38]
[212, 500]
[213, 374]
[214, 773]
[216, 96]
[217, 52]
[218, 136]
[220, 26]
[221, 532]
[222, 527]
[223, 88]
[224, 150]
[225, 764]
[226, 29]
[227, 36]
[228, 203]
[229, 26]
[230, 88]
[231, 306]
[232, 102]
[233, 217]
[235, 87]
[236, 68]
[239, 68]
[240, 148]
[241, 68]
[242, 28]
[243, 36]
[244, 49]
[245, 175]
[246, 269]
[247, 115]
[248, 147]
[249, 50]
[250, 48]
[251, 25]
[252, 781]
[253, 349]
[254, 85]
[255, 36]
[256, 749]
[257, 23]
[258, 49]
[259, 101]
[260, 321]
[261, 35]
[262, 737]
[263, 21]
[264, 26]
[266, 29]
[267, 201]
[268, 66]
[269, 115]
[270, 21]
[271, 51]
[272, 37]
[273, 143]
[274, 30]
[275, 29]
[276, 757]
[277, 68]
[278, 99]
[279, 52]
[280, 354]
[281, 400]
[282, 239]
[283, 188]
[284, 70]
[285, 68]
[286, 696]
[287, 328]
[288, 158]
[289, 59]
[290, 243]
[291, 26]
[293, 130]
[294, 176]
[295, 256]
[296, 98]
[297, 160]
[298, 87]
[299, 293]
[300, 176]
[301, 641]
[302, 375]
[303, 343]
[304, 366]
[305, 433]
[306, 21]
[307, 219]
[308, 86]
[309, 131]
[310, 147]
[312, 230]
[313, 218]
[314, 335]
[315, 218]
[316, 24]
[317, 179]
[318, 486]
[319, 731]
[320, 54]
[321, 86]
[322, 395]
[323, 26]
[324, 499]
[325, 52]
[326, 512]
[327, 25]
[328, 72]
[329, 387]
[330, 38]
[331, 583]
[332, 615]
[333, 137]
[334, 56]
[335, 73]
[336, 465]
[337, 776]
[338, 236]
[339, 94]
[340, 525]
[341, 549]
[342, 480]
[343, 699]
[344, 110]
[345, 561]
[346, 98]
[347, 62]
[348, 79]
[349, 549]
[350, 52]
[351, 50]
[352, 653]
[353, 775]
[354, 61]
[357, 64]
[358, 508]
[359, 268]
[360, 628]
[361, 101]
[362, 392]
[363, 74]
[364, 68]
[366, 449]
[367, 56]
[368, 59]
[369, 164]
[370, 758]
[371, 56]
[373, 748]
[375, 639]
[376, 594]
[377, 82]
[378, 559]
[379, 661]
[381, 716]
[382, 602]
[383, 559]
[384, 74]
[385, 528]
[387, 281]
[388, 81]
[389, 667]
[392, 734]
[394, 101]
[395, 100]
[396, 703]
[397, 702]
[398, 177]
[399, 176]
[400, 104]
[401, 85]
[402, 101]
[403, 152]
[407, 673]
[408, 594]
[409, 152]
[410, 744]
[412, 529]
[413, 156]
[414, 752]
[417, 128]
[418, 451]
[419, 172]
[420, 617]
[421, 728]
[423, 697]
[424, 575]
[425, 211]
[426, 727]
[427, 616]
[428, 630]
[429, 132]
[432, 159]
[433, 670]
[434, 655]
[435, 592]
[436, 591]
[437, 628]
[438, 590]
[440, 448]
[442, 323]
[443, 714]
[445, 639]
[448, 187]
[451, 212]
[452, 448]
[453, 711]
[454, 210]
[455, 496]
[456, 543]
[457, 390]
[458, 635]
[459, 199]
[460, 524]
[461, 231]
[463, 615]
[464, 636]
[465, 231]
[466, 230]
[467, 228]
[468, 233]
[470, 361]
[474, 536]
[476, 238]
[477, 237]
[479, 646]
[480, 419]
[481, 418]
[482, 549]
[483, 547]
[489, 582]
[491, 420]
[492, 618]
[494, 548]
[497, 564]
[498, 593]
[499, 425]
[501, 339]
[508, 417]
[509, 510]
[511, 391]
[512, 437]
[515, 454]
[518, 456]
